0.0, 23.966666666666665, 24.15543219666931
0.041666666666666664, 23.966666666666665, 24.15543219666931
0.08333333333333333, 23.966666666666665, 24.15543219666931
0.125, 23.966666666666665, 24.15543219666931
0.16666666666666666, 23.966666666666665, 24.15543219666931
0.20833333333333334, 23.966666666666665, 24.15543219666931
0.25, 23.966666666666665, 24.15543219666931
0.2916666666666667, 23.966666666666665, 24.15543219666931
0.3333333333333333, 23.966666666666665, 24.15543219666931
0.375, 23.966666666666665, 24.15543219666931
0.4166666666666667, 23.966666666666665, 24.15543219666931
0.4583333333333333, 23.966666666666665, 24.15543219666931
0.5, 23.966666666666665, 24.15543219666931
0.5416666666666666, 23.966666666666665, 24.15543219666931
0.5833333333333334, 23.966666666666665, 24.15543219666931
0.625, 23.966666666666665, 24.15543219666931
0.6666666666666666, 23.966666666666665, 24.15543219666931
0.7083333333333334, 23.966666666666665, 24.15543219666931
0.75, 23.966666666666665, 24.15543219666931
0.7916666666666666, 23.966666666666665, 24.15543219666931
0.8333333333333334, 23.966666666666665, 24.15543219666931
0.875, 23.966666666666665, 24.15543219666931
0.9166666666666666, 23.966666666666665, 24.15543219666931
0.9583333333333334, 23.966666666666665, 24.15543219666931
1.0, 23.966666666666665, 24.15543219666931
1.0416666666666667, 23.966666666666665, 24.15543219666931
1.0833333333333333, 23.966666666666665, 24.15543219666931
1.125, 23.966666666666665, 24.15543219666931
1.1666666666666667, 23.966666666666665, 24.15543219666931
1.2083333333333333, 23.966666666666665, 24.15543219666931
1.25, 23.966666666666665, 24.15543219666931
1.2916666666666667, 23.966666666666665, 24.15543219666931
1.3333333333333333, 23.966666666666665, 24.15543219666931
1.375, 23.966666666666665, 24.15543219666931
1.4166666666666667, 23.966666666666665, 24.15543219666931
1.4583333333333333, 23.966666666666665, 24.15543219666931
1.5, 23.966666666666665, 24.15543219666931
1.5416666666666667, 23.966666666666665, 24.15543219666931
1.5833333333333333, 23.966666666666665, 24.15543219666931
1.625, 23.966666666666665, 24.15543219666931
1.6666666666666667, 23.966666666666665, 24.15543219666931
1.7083333333333333, 23.966666666666665, 24.15543219666931
1.75, 23.966666666666665, 24.15543219666931
1.7916666666666667, 23.966666666666665, 24.15543219666931
1.8333333333333333, 23.966666666666665, 24.15543219666931
1.875, 23.966666666666665, 24.15543219666931
1.9166666666666667, 23.966666666666665, 24.15543219666931
1.9583333333333333, 23.966666666666665, 24.15543219666931
2.0, 23.966666666666665, 24.15543219666931
2.0416666666666665, 23.966666666666665, 24.15543219666931
2.0833333333333335, 23.966666666666665, 24.15543219666931
2.125, 23.966666666666665, 24.15543219666931
2.1666666666666665, 23.966666666666665, 24.15543219666931
2.2083333333333335, 23.966666666666665, 24.15543219666931
2.25, 23.966666666666665, 24.15543219666931
2.2916666666666665, 23.966666666666665, 24.15543219666931
2.3333333333333335, 23.966666666666665, 24.52815226011102
2.375, 23.966666666666665, 24.52815226011102
2.4166666666666665, 23.966666666666665, 24.52815226011102
2.4583333333333335, 23.966666666666665, 24.52815226011102
2.5, 23.966666666666665, 24.52815226011102
2.5416666666666665, 23.966666666666665, 24.52815226011102
2.5833333333333335, 23.966666666666665, 24.52815226011102
2.625, 23.966666666666665, 24.52815226011102
2.6666666666666665, 23.966666666666665, 24.52815226011102
2.7083333333333335, 23.966666666666665, 24.52815226011102
2.75, 23.966666666666665, 24.52815226011102
2.7916666666666665, 23.966666666666665, 24.52815226011102
2.8333333333333335, 23.966666666666665, 24.52815226011102
2.875, 23.966666666666665, 24.52815226011102
2.9166666666666665, 23.966666666666665, 24.52815226011102
2.9583333333333335, 23.966666666666665, 24.52815226011102
3.0, 23.966666666666665, 24.52815226011102
3.0416666666666665, 23.966666666666665, 24.52815226011102
3.0833333333333335, 23.966666666666665, 24.52815226011102
3.125, 23.966666666666665, 24.52815226011102
3.1666666666666665, 23.966666666666665, 24.52815226011102
3.2083333333333335, 23.966666666666665, 24.52815226011102
3.25, 23.966666666666665, 24.52815226011102
3.2916666666666665, 23.966666666666665, 24.52815226011102
3.3333333333333335, 23.966666666666665, 24.52815226011102
3.375, 23.966666666666665, 24.52815226011102
3.4166666666666665, 23.966666666666665, 24.52815226011102
3.4583333333333335, 23.966666666666665, 24.52815226011102
3.5, 23.966666666666665, 24.52815226011102
3.5416666666666665, 23.966666666666665, 24.52815226011102
3.5833333333333335, 23.966666666666665, 24.52815226011102
3.625, 23.966666666666665, 24.52815226011102
3.6666666666666665, 23.966666666666665, 24.52815226011102
3.7083333333333335, 23.966666666666665, 24.52815226011102
3.75, 23.966666666666665, 24.52815226011102
3.7916666666666665, 23.966666666666665, 24.52815226011102
3.8333333333333335, 23.966666666666665, 24.52815226011102
3.875, 23.966666666666665, 24.52815226011102
3.9166666666666665, 23.966666666666665, 24.52815226011102
3.9583333333333335, 23.966666666666665, 24.52815226011102
4.0, 23.966666666666665, 24.52815226011102
4.041666666666667, 23.966666666666665, 24.52815226011102
4.083333333333333, 23.966666666666665, 24.52815226011102
4.125, 23.966666666666665, 24.52815226011102
4.166666666666667, 23.966666666666665, 24.52815226011102
4.208333333333333, 23.966666666666665, 24.52815226011102
4.25, 23.966666666666665, 24.52815226011102
4.291666666666667, 23.966666666666665, 24.52815226011102
4.333333333333333, 23.966666666666665, 24.52815226011102
4.375, 23.966666666666665, 24.52815226011102
4.416666666666667, 23.966666666666665, 24.52815226011102
4.458333333333333, 23.966666666666665, 24.52815226011102
4.5, 23.966666666666665, 24.52815226011102
4.541666666666667, 23.966666666666665, 24.52815226011102
4.583333333333333, 23.966666666666665, 24.52815226011102
4.625, 23.966666666666665, 24.52815226011102
4.666666666666667, 23.966666666666665, 24.52815226011102
4.708333333333333, 23.966666666666665, 24.52815226011102
4.75, 23.966666666666665, 24.52815226011102
4.791666666666667, 23.966666666666665, 24.52815226011102
4.833333333333333, 23.966666666666665, 24.52815226011102
4.875, 23.966666666666665, 24.52815226011102
4.916666666666667, 23.966666666666665, 24.52815226011102
4.958333333333333, 23.966666666666665, 24.52815226011102
5.0, 23.966666666666665, 24.52815226011102
5.041666666666667, 23.966666666666665, 24.52815226011102
5.083333333333333, 23.966666666666665, 24.52815226011102
5.125, 23.966666666666665, 24.52815226011102
5.166666666666667, 23.966666666666665, 24.52815226011102
5.208333333333333, 23.966666666666665, 24.52815226011102
5.25, 23.966666666666665, 24.52815226011102
5.291666666666667, 23.966666666666665, 24.52815226011102
5.333333333333333, 23.966666666666665, 24.52815226011102
5.375, 23.966666666666665, 24.52815226011102
5.416666666666667, 23.966666666666665, 24.52815226011102
5.458333333333333, 23.966666666666665, 24.52815226011102
5.5, 23.966666666666665, 24.52815226011102
5.541666666666667, 23.966666666666665, 24.52815226011102
5.583333333333333, 23.966666666666665, 24.52815226011102
5.625, 23.966666666666665, 24.52815226011102
5.666666666666667, 23.966666666666665, 24.52815226011102
5.708333333333333, 23.966666666666665, 24.52815226011102
5.75, 23.966666666666665, 24.52815226011102
5.791666666666667, 23.966666666666665, 24.52815226011102
5.833333333333333, 23.966666666666665, 24.52815226011102
5.875, 23.966666666666665, 24.52815226011102
5.916666666666667, 23.966666666666665, 24.52815226011102
5.958333333333333, 23.966666666666665, 24.52815226011102
6.0, 23.966666666666665, 24.52815226011102
6.041666666666667, 23.966666666666665, 24.52815226011102
6.083333333333333, 23.966666666666665, 24.52815226011102
6.125, 23.966666666666665, 24.52815226011102
6.166666666666667, 23.966666666666665, 24.52815226011102
6.208333333333333, 23.966666666666665, 24.52815226011102
6.25, 23.966666666666665, 24.52815226011102
6.291666666666667, 23.966666666666665, 24.52815226011102
6.333333333333333, 23.966666666666665, 24.52815226011102
6.375, 23.966666666666665, 24.52815226011102
6.416666666666667, 23.966666666666665, 24.52815226011102
6.458333333333333, 23.966666666666665, 24.52815226011102
6.5, 23.966666666666665, 24.52815226011102
6.541666666666667, 23.966666666666665, 24.52815226011102
6.583333333333333, 23.966666666666665, 24.52815226011102
6.625, 23.966666666666665, 24.52815226011102
6.666666666666667, 23.966666666666665, 24.52815226011102
6.708333333333333, 23.966666666666665, 24.52815226011102
6.75, 23.966666666666665, 24.52815226011102
6.791666666666667, 23.966666666666665, 24.52815226011102
6.833333333333333, 23.966666666666665, 24.52815226011102
6.875, 23.966666666666665, 24.52815226011102
6.916666666666667, 23.966666666666665, 24.52815226011102
6.958333333333333, 23.966666666666665, 24.52815226011102
7.0, 23.966666666666665, 24.52815226011102
7.041666666666667, 23.966666666666665, 24.52815226011102
7.083333333333333, 23.966666666666665, 24.52815226011102
7.125, 23.966666666666665, 24.52815226011102
7.166666666666667, 23.966666666666665, 24.52815226011102
7.208333333333333, 23.966666666666665, 24.52815226011102
7.25, 23.966666666666665, 24.52815226011102
7.291666666666667, 23.966666666666665, 24.52815226011102
7.333333333333333, 23.966666666666665, 24.52815226011102
7.375, 23.966666666666665, 24.52815226011102
7.416666666666667, 23.966666666666665, 24.52815226011102
7.458333333333333, 23.966666666666665, 24.52815226011102
7.5, 23.966666666666665, 24.52815226011102
7.541666666666667, 23.966666666666665, 24.52815226011102
7.583333333333333, 23.966666666666665, 24.52815226011102
7.625, 23.966666666666665, 24.52815226011102
7.666666666666667, 23.966666666666665, 24.52815226011102
7.708333333333333, 23.966666666666665, 24.52815226011102
7.75, 23.966666666666665, 24.52815226011102
7.791666666666667, 23.966666666666665, 24.52815226011102
7.833333333333333, 23.966666666666665, 24.52815226011102
7.875, 23.966666666666665, 24.52815226011102
7.916666666666667, 23.966666666666665, 24.52815226011102
7.958333333333333, 23.966666666666665, 24.52815226011102
8.0, 23.966666666666665, 24.52815226011102
8.041666666666666, 23.966666666666665, 24.52815226011102
8.083333333333334, 23.966666666666665, 24.52815226011102
8.125, 23.966666666666665, 24.52815226011102
8.166666666666666, 23.966666666666665, 24.52815226011102
8.208333333333334, 23.966666666666665, 24.52815226011102
8.25, 23.966666666666665, 24.52815226011102
8.291666666666666, 23.966666666666665, 24.52815226011102
8.333333333333334, 23.966666666666665, 24.52815226011102
8.375, 23.966666666666665, 24.52815226011102
8.416666666666666, 23.966666666666665, 24.52815226011102
8.458333333333334, 23.966666666666665, 24.52815226011102
8.5, 23.966666666666665, 24.52815226011102
8.541666666666666, 23.966666666666665, 24.52815226011102
8.583333333333334, 23.966666666666665, 24.52815226011102
8.625, 23.966666666666665, 24.52815226011102
8.666666666666666, 23.966666666666665, 24.52815226011102
8.708333333333334, 23.966666666666665, 24.52815226011102
8.75, 23.966666666666665, 24.52815226011102
8.791666666666666, 23.966666666666665, 24.52815226011102
8.833333333333334, 23.966666666666665, 24.52815226011102
8.875, 23.966666666666665, 24.52815226011102
8.916666666666666, 23.966666666666665, 24.52815226011102
8.958333333333334, 23.966666666666665, 24.52815226011102
9.0, 23.966666666666665, 24.52815226011102
9.041666666666666, 23.966666666666665, 24.52815226011102
9.083333333333334, 23.966666666666665, 24.52815226011102
9.125, 23.966666666666665, 24.52815226011102
9.166666666666666, 23.966666666666665, 24.52815226011102
9.208333333333334, 23.966666666666665, 24.52815226011102
9.25, 23.966666666666665, 24.52815226011102
9.291666666666666, 23.966666666666665, 24.52815226011102
9.333333333333334, 23.966666666666665, 24.52815226011102
9.375, 23.966666666666665, 24.52815226011102
9.416666666666666, 23.966666666666665, 24.52815226011102
9.458333333333334, 23.966666666666665, 24.52815226011102
9.5, 23.966666666666665, 24.52815226011102
9.541666666666666, 23.966666666666665, 24.52815226011102
9.583333333333334, 23.966666666666665, 24.52815226011102
9.625, 23.966666666666665, 24.52815226011102
9.666666666666666, 23.966666666666665, 24.52815226011102
9.708333333333334, 23.966666666666665, 24.52815226011102
9.75, 23.966666666666665, 24.52815226011102
9.791666666666666, 23.966666666666665, 24.52815226011102
9.833333333333334, 23.966666666666665, 24.52815226011102
9.875, 23.966666666666665, 24.52815226011102
9.916666666666666, 23.966666666666665, 24.52815226011102
9.958333333333334, 23.966666666666665, 24.52815226011102
10.0, 23.966666666666665, 24.52815226011102
10.041666666666666, 23.966666666666665, 24.52815226011102
10.083333333333334, 23.966666666666665, 24.52815226011102
10.125, 23.966666666666665, 24.52815226011102
10.166666666666666, 23.966666666666665, 24.52815226011102
10.208333333333334, 23.966666666666665, 24.52815226011102
10.25, 23.966666666666665, 24.52815226011102
10.291666666666666, 23.966666666666665, 24.52815226011102
10.333333333333334, 23.966666666666665, 24.52815226011102
10.375, 23.966666666666665, 24.52815226011102
10.416666666666666, 23.966666666666665, 24.52815226011102
10.458333333333334, 23.966666666666665, 24.52815226011102
10.5, 23.966666666666665, 24.52815226011102
10.541666666666666, 23.966666666666665, 24.90087232355274
10.583333333333334, 23.966666666666665, 24.52815226011102
10.625, 23.966666666666665, 24.52815226011102
10.666666666666666, 23.966666666666665, 24.52815226011102
10.708333333333334, 23.966666666666665, 24.52815226011102
10.75, 23.966666666666665, 24.52815226011102
10.791666666666666, 23.966666666666665, 24.52815226011102
10.833333333333334, 23.966666666666665, 24.52815226011102
10.875, 23.966666666666665, 24.52815226011102
10.916666666666666, 23.966666666666665, 24.52815226011102
10.958333333333334, 23.966666666666665, 24.52815226011102
11.0, 23.966666666666665, 24.52815226011102
11.041666666666666, 23.966666666666665, 24.52815226011102
11.083333333333334, 23.966666666666665, 24.52815226011102
11.125, 23.966666666666665, 24.52815226011102
11.166666666666666, 23.966666666666665, 24.52815226011102
11.208333333333334, 23.966666666666665, 24.52815226011102
11.25, 23.966666666666665, 24.52815226011102
11.291666666666666, 23.966666666666665, 24.52815226011102
11.333333333333334, 23.966666666666665, 24.52815226011102
11.375, 23.966666666666665, 24.52815226011102
11.416666666666666, 23.966666666666665, 24.52815226011102
11.458333333333334, 23.966666666666665, 24.52815226011102
11.5, 23.966666666666665, 24.52815226011102
11.541666666666666, 23.966666666666665, 24.52815226011102
11.583333333333334, 23.966666666666665, 24.52815226011102
11.625, 23.966666666666665, 24.52815226011102
11.666666666666666, 23.966666666666665, 24.52815226011102
11.708333333333334, 23.966666666666665, 24.52815226011102
11.75, 23.966666666666665, 24.52815226011102
11.791666666666666, 23.966666666666665, 24.90087232355274
11.833333333333334, 23.966666666666665, 24.90087232355274
11.875, 23.966666666666665, 24.52815226011102
11.916666666666666, 23.966666666666665, 24.52815226011102
11.958333333333334, 23.966666666666665, 24.90087232355274
12.0, 23.966666666666665, 24.90087232355274
12.041666666666666, 23.966666666666665, 24.90087232355274
12.083333333333334, 23.966666666666665, 24.52815226011102
12.125, 23.966666666666665, 24.52815226011102
12.166666666666666, 23.966666666666665, 24.52815226011102
12.208333333333334, 23.966666666666665, 24.52815226011102
12.25, 23.966666666666665, 24.52815226011102
12.291666666666666, 23.966666666666665, 24.52815226011102
12.333333333333334, 23.966666666666665, 24.52815226011102
12.375, 23.966666666666665, 24.52815226011102
12.416666666666666, 23.966666666666665, 24.52815226011102
12.458333333333334, 23.966666666666665, 24.90087232355274
12.5, 23.966666666666665, 24.90087232355274
12.541666666666666, 23.966666666666665, 24.90087232355274
12.583333333333334, 23.966666666666665, 24.90087232355274
12.625, 23.966666666666665, 24.90087232355274
12.666666666666666, 23.966666666666665, 24.90087232355274
12.708333333333334, 23.966666666666665, 24.90087232355274
12.75, 23.966666666666665, 24.90087232355274
12.791666666666666, 23.966666666666665, 24.90087232355274
12.833333333333334, 23.966666666666665, 24.90087232355274
12.875, 23.966666666666665, 24.90087232355274
12.916666666666666, 23.966666666666665, 24.90087232355274
12.958333333333334, 23.966666666666665, 24.90087232355274
13.0, 23.966666666666665, 24.90087232355274
13.041666666666666, 23.966666666666665, 24.90087232355274
13.083333333333334, 23.966666666666665, 24.90087232355274
13.125, 23.966666666666665, 24.90087232355274
13.166666666666666, 23.966666666666665, 24.90087232355274
13.208333333333334, 23.966666666666665, 24.90087232355274
13.25, 23.966666666666665, 24.90087232355274
13.291666666666666, 23.966666666666665, 24.90087232355274
13.333333333333334, 23.966666666666665, 24.90087232355274
13.375, 23.966666666666665, 24.90087232355274
13.416666666666666, 23.966666666666665, 24.90087232355274
13.458333333333334, 23.966666666666665, 24.90087232355274
13.5, 23.966666666666665, 24.52815226011102
13.541666666666666, 23.966666666666665, 24.52815226011102
13.583333333333334, 23.966666666666665, 24.52815226011102
13.625, 23.966666666666665, 24.90087232355274
13.666666666666666, 23.966666666666665, 24.90087232355274
13.708333333333334, 23.966666666666665, 24.90087232355274
13.75, 23.966666666666665, 24.90087232355274
13.791666666666666, 23.966666666666665, 24.90087232355274
13.833333333333334, 23.966666666666665, 24.90087232355274
13.875, 23.966666666666665, 24.52815226011102
13.916666666666666, 23.966666666666665, 24.52815226011102
13.958333333333334, 23.966666666666665, 24.90087232355274
14.0, 23.966666666666665, 24.90087232355274
14.041666666666666, 23.966666666666665, 24.90087232355274
14.083333333333334, 23.966666666666665, 24.90087232355274
14.125, 23.966666666666665, 24.90087232355274
14.166666666666666, 23.966666666666665, 24.90087232355274
14.208333333333334, 23.966666666666665, 24.90087232355274
14.25, 23.966666666666665, 24.90087232355274
14.291666666666666, 23.966666666666665, 24.90087232355274
14.333333333333334, 23.966666666666665, 24.90087232355274
14.375, 23.966666666666665, 24.90087232355274
14.416666666666666, 23.966666666666665, 24.90087232355274
14.458333333333334, 23.966666666666665, 24.90087232355274
14.5, 23.966666666666665, 24.90087232355274
14.541666666666666, 23.966666666666665, 24.90087232355274
14.583333333333334, 23.966666666666665, 24.90087232355274
14.625, 23.966666666666665, 24.90087232355274
14.666666666666666, 23.966666666666665, 24.90087232355274
14.708333333333334, 23.966666666666665, 24.90087232355274
14.75, 23.966666666666665, 24.90087232355274
14.791666666666666, 23.966666666666665, 24.90087232355274
14.833333333333334, 23.966666666666665, 24.90087232355274
14.875, 23.966666666666665, 24.90087232355274
14.916666666666666, 23.966666666666665, 24.90087232355274
14.958333333333334, 23.966666666666665, 24.90087232355274
15.0, 23.966666666666665, 24.52815226011102
15.041666666666666, 23.966666666666665, 24.52815226011102
15.083333333333334, 23.966666666666665, 24.52815226011102
15.125, 23.966666666666665, 24.52815226011102
15.166666666666666, 23.966666666666665, 24.52815226011102
15.208333333333334, 23.966666666666665, 24.52815226011102
15.25, 23.966666666666665, 24.52815226011102
15.291666666666666, 23.966666666666665, 24.52815226011102
15.333333333333334, 23.966666666666665, 24.52815226011102
15.375, 23.966666666666665, 24.52815226011102
15.416666666666666, 23.966666666666665, 24.52815226011102
15.458333333333334, 23.966666666666665, 24.52815226011102
15.5, 23.966666666666665, 24.52815226011102
15.541666666666666, 23.966666666666665, 24.52815226011102
15.583333333333334, 23.966666666666665, 24.52815226011102
15.625, 23.966666666666665, 24.52815226011102
15.666666666666666, 23.966666666666665, 24.52815226011102
15.708333333333334, 23.966666666666665, 24.52815226011102
15.75, 23.966666666666665, 24.52815226011102
15.791666666666666, 23.966666666666665, 24.90087232355274
15.833333333333334, 23.966666666666665, 24.52815226011102
15.875, 23.966666666666665, 24.52815226011102
15.916666666666666, 23.966666666666665, 24.52815226011102
15.958333333333334, 23.966666666666665, 24.52815226011102
16.0, 23.966666666666665, 24.52815226011102
16.041666666666668, 23.966666666666665, 24.52815226011102
16.083333333333332, 23.966666666666665, 24.52815226011102
16.125, 23.966666666666665, 24.52815226011102
16.166666666666668, 23.966666666666665, 24.52815226011102
16.208333333333332, 23.966666666666665, 24.52815226011102
16.25, 23.966666666666665, 24.52815226011102
16.291666666666668, 23.966666666666665, 24.52815226011102
16.333333333333332, 23.966666666666665, 24.52815226011102
16.375, 23.966666666666665, 24.90087232355274
16.416666666666668, 23.966666666666665, 24.90087232355274
16.458333333333332, 23.966666666666665, 24.52815226011102
16.5, 23.966666666666665, 24.52815226011102
16.541666666666668, 23.966666666666665, 24.52815226011102
16.583333333333332, 23.966666666666665, 24.52815226011102
16.625, 23.966666666666665, 24.52815226011102
16.666666666666668, 23.966666666666665, 24.52815226011102
16.708333333333332, 23.966666666666665, 24.52815226011102
16.75, 23.966666666666665, 24.52815226011102
16.791666666666668, 23.966666666666665, 24.52815226011102
16.833333333333332, 23.966666666666665, 24.52815226011102
16.875, 23.966666666666665, 24.52815226011102
16.916666666666668, 23.966666666666665, 24.52815226011102
16.958333333333332, 23.966666666666665, 24.52815226011102
17.0, 23.966666666666665, 24.52815226011102
17.041666666666668, 23.966666666666665, 24.52815226011102
17.083333333333332, 23.966666666666665, 24.52815226011102
17.125, 23.966666666666665, 24.52815226011102
17.166666666666668, 23.966666666666665, 24.52815226011102
17.208333333333332, 23.966666666666665, 24.52815226011102
17.25, 23.966666666666665, 24.52815226011102
17.291666666666668, 23.966666666666665, 24.52815226011102
17.333333333333332, 23.966666666666665, 24.52815226011102
17.375, 23.966666666666665, 24.52815226011102
17.416666666666668, 23.966666666666665, 24.52815226011102
17.458333333333332, 23.966666666666665, 24.52815226011102
17.5, 23.966666666666665, 24.52815226011102
17.541666666666668, 23.966666666666665, 24.52815226011102
17.583333333333332, 23.966666666666665, 24.52815226011102
17.625, 23.966666666666665, 24.52815226011102
17.666666666666668, 23.966666666666665, 24.52815226011102
17.708333333333332, 23.966666666666665, 24.90087232355274
17.75, 23.966666666666665, 24.52815226011102
17.791666666666668, 23.966666666666665, 24.90087232355274
17.833333333333332, 23.966666666666665, 24.90087232355274
17.875, 23.966666666666665, 24.90087232355274
17.916666666666668, 23.966666666666665, 24.90087232355274
17.958333333333332, 23.966666666666665, 24.90087232355274
18.0, 23.966666666666665, 24.52815226011102
18.041666666666668, 23.966666666666665, 24.90087232355274
18.083333333333332, 23.966666666666665, 24.52815226011102
18.125, 23.966666666666665, 24.90087232355274
18.166666666666668, 23.966666666666665, 24.90087232355274
18.208333333333332, 23.966666666666665, 24.90087232355274
18.25, 23.966666666666665, 24.52815226011102
18.291666666666668, 23.966666666666665, 24.52815226011102
18.333333333333332, 23.966666666666665, 24.52815226011102
18.375, 23.966666666666665, 24.90087232355274
18.416666666666668, 23.966666666666665, 24.90087232355274
18.458333333333332, 23.966666666666665, 24.90087232355274
18.5, 23.966666666666665, 24.90087232355274
18.541666666666668, 23.966666666666665, 24.90087232355274
18.583333333333332, 23.966666666666665, 24.90087232355274
18.625, 23.966666666666665, 24.52815226011102
18.666666666666668, 23.966666666666665, 24.52815226011102
18.708333333333332, 23.966666666666665, 24.52815226011102
18.75, 23.966666666666665, 24.90087232355274
18.791666666666668, 23.966666666666665, 24.90087232355274
18.833333333333332, 23.966666666666665, 24.90087232355274
18.875, 23.966666666666665, 24.90087232355274
18.916666666666668, 23.966666666666665, 24.52815226011102
18.958333333333332, 23.966666666666665, 24.52815226011102
19.0, 23.966666666666665, 24.52815226011102
19.041666666666668, 23.966666666666665, 24.52815226011102
19.083333333333332, 23.966666666666665, 24.52815226011102
19.125, 23.966666666666665, 24.52815226011102
19.166666666666668, 23.966666666666665, 24.52815226011102
19.208333333333332, 23.966666666666665, 24.52815226011102
19.25, 23.966666666666665, 24.52815226011102
19.291666666666668, 23.966666666666665, 24.52815226011102
19.333333333333332, 23.966666666666665, 24.52815226011102
19.375, 23.966666666666665, 24.52815226011102
19.416666666666668, 23.966666666666665, 24.52815226011102
19.458333333333332, 23.966666666666665, 24.52815226011102
19.5, 23.966666666666665, 24.52815226011102
19.541666666666668, 23.966666666666665, 24.52815226011102
19.583333333333332, 23.966666666666665, 24.52815226011102
19.625, 23.966666666666665, 24.52815226011102
19.666666666666668, 23.966666666666665, 24.52815226011102
19.708333333333332, 23.966666666666665, 24.52815226011102
19.75, 23.966666666666665, 24.52815226011102
19.791666666666668, 23.966666666666665, 24.52815226011102
19.833333333333332, 23.966666666666665, 24.52815226011102
19.875, 23.966666666666665, 24.52815226011102
19.916666666666668, 23.966666666666665, 24.52815226011102
19.958333333333332, 23.966666666666665, 24.52815226011102
20.0, 23.966666666666665, 24.52815226011102
20.041666666666668, 23.966666666666665, 24.52815226011102
20.083333333333332, 23.966666666666665, 24.52815226011102
20.125, 23.966666666666665, 24.52815226011102
20.166666666666668, 23.966666666666665, 24.52815226011102
20.208333333333332, 23.966666666666665, 24.52815226011102
20.25, 23.966666666666665, 24.52815226011102
20.291666666666668, 23.966666666666665, 24.52815226011102
20.333333333333332, 23.966666666666665, 24.52815226011102
20.375, 23.966666666666665, 24.52815226011102
20.416666666666668, 23.966666666666665, 24.52815226011102
20.458333333333332, 23.966666666666665, 24.52815226011102
20.5, 23.966666666666665, 24.52815226011102
20.541666666666668, 23.966666666666665, 24.52815226011102
20.583333333333332, 23.966666666666665, 24.52815226011102
20.625, 23.966666666666665, 24.52815226011102
20.666666666666668, 23.966666666666665, 24.52815226011102
20.708333333333332, 23.966666666666665, 24.52815226011102
20.75, 23.966666666666665, 24.52815226011102
20.791666666666668, 23.966666666666665, 24.52815226011102
20.833333333333332, 23.966666666666665, 24.52815226011102
20.875, 23.966666666666665, 24.52815226011102
20.916666666666668, 23.966666666666665, 24.52815226011102
20.958333333333332, 23.966666666666665, 24.52815226011102
21.0, 23.966666666666665, 24.90087232355274
21.041666666666668, 23.966666666666665, 24.52815226011102
21.083333333333332, 23.966666666666665, 24.52815226011102
21.125, 23.966666666666665, 24.52815226011102
21.166666666666668, 23.966666666666665, 24.52815226011102
21.208333333333332, 23.966666666666665, 24.52815226011102
21.25, 23.966666666666665, 24.52815226011102
21.291666666666668, 23.966666666666665, 24.52815226011102
21.333333333333332, 23.966666666666665, 24.52815226011102
21.375, 23.966666666666665, 24.52815226011102
21.416666666666668, 23.966666666666665, 24.52815226011102
21.458333333333332, 23.966666666666665, 24.52815226011102
21.5, 23.966666666666665, 24.52815226011102
21.541666666666668, 23.966666666666665, 24.52815226011102
21.583333333333332, 23.966666666666665, 24.52815226011102
21.625, 23.966666666666665, 24.52815226011102
21.666666666666668, 23.966666666666665, 24.52815226011102
21.708333333333332, 23.966666666666665, 24.52815226011102
21.75, 23.966666666666665, 24.52815226011102
21.791666666666668, 23.966666666666665, 24.52815226011102
21.833333333333332, 23.966666666666665, 24.52815226011102
21.875, 23.966666666666665, 24.52815226011102
21.916666666666668, 23.966666666666665, 24.52815226011102
21.958333333333332, 23.966666666666665, 24.52815226011102
22.0, 23.966666666666665, 24.52815226011102
22.041666666666668, 23.966666666666665, 24.52815226011102
22.083333333333332, 23.966666666666665, 24.52815226011102
22.125, 23.966666666666665, 24.52815226011102
22.166666666666668, 23.966666666666665, 24.52815226011102
22.208333333333332, 23.966666666666665, 24.52815226011102
22.25, 23.966666666666665, 24.52815226011102
22.291666666666668, 23.966666666666665, 24.52815226011102
22.333333333333332, 23.966666666666665, 24.52815226011102
22.375, 23.966666666666665, 24.52815226011102
22.416666666666668, 23.966666666666665, 24.52815226011102
22.458333333333332, 23.966666666666665, 24.52815226011102
22.5, 23.966666666666665, 24.52815226011102
22.541666666666668, 23.966666666666665, 24.15543219666931
22.583333333333332, 23.966666666666665, 24.52815226011102
22.625, 23.966666666666665, 24.52815226011102
22.666666666666668, 23.966666666666665, 24.52815226011102
22.708333333333332, 23.966666666666665, 24.52815226011102
22.75, 23.966666666666665, 24.52815226011102
22.791666666666668, 23.966666666666665, 24.52815226011102
22.833333333333332, 23.966666666666665, 24.52815226011102
22.875, 23.966666666666665, 24.52815226011102
22.916666666666668, 23.966666666666665, 24.52815226011102
22.958333333333332, 23.966666666666665, 24.52815226011102
23.0, 23.966666666666665, 24.52815226011102
23.041666666666668, 23.966666666666665, 24.52815226011102
23.083333333333332, 23.966666666666665, 24.52815226011102
23.125, 23.966666666666665, 24.52815226011102
23.166666666666668, 23.966666666666665, 24.52815226011102
23.208333333333332, 23.966666666666665, 24.52815226011102
23.25, 23.966666666666665, 24.52815226011102
23.291666666666668, 23.966666666666665, 24.52815226011102
23.333333333333332, 23.966666666666665, 24.52815226011102
23.375, 23.966666666666665, 24.52815226011102
23.416666666666668, 23.966666666666665, 24.52815226011102
23.458333333333332, 23.966666666666665, 24.52815226011102
23.5, 23.966666666666665, 24.52815226011102
23.541666666666668, 23.966666666666665, 24.52815226011102
23.583333333333332, 23.966666666666665, 24.52815226011102
23.625, 23.966666666666665, 24.52815226011102
23.666666666666668, 23.966666666666665, 24.52815226011102
23.708333333333332, 23.966666666666665, 24.52815226011102
23.75, 23.966666666666665, 24.52815226011102
23.791666666666668, 23.966666666666665, 24.52815226011102
23.833333333333332, 23.966666666666665, 24.52815226011102
23.875, 23.966666666666665, 24.52815226011102
23.916666666666668, 23.966666666666665, 24.15543219666931
23.958333333333332, 23.966666666666665, 24.15543219666931
24.0, 23.966666666666665, 24.15543219666931
24.041666666666668, 23.966666666666665, 24.15543219666931
24.083333333333332, 23.966666666666665, 24.15543219666931
24.125, 23.966666666666665, 24.15543219666931
24.166666666666668, 23.966666666666665, 24.15543219666931
24.208333333333332, 23.966666666666665, 24.15543219666931
24.25, 23.966666666666665, 24.15543219666931
24.291666666666668, 23.966666666666665, 24.15543219666931
24.333333333333332, 23.966666666666665, 24.15543219666931
24.375, 23.966666666666665, 24.15543219666931
24.416666666666668, 23.966666666666665, 24.15543219666931
24.458333333333332, 23.966666666666665, 24.15543219666931
24.5, 23.966666666666665, 24.15543219666931
24.541666666666668, 23.966666666666665, 24.15543219666931
24.583333333333332, 23.966666666666665, 24.15543219666931
24.625, 23.966666666666665, 24.15543219666931
24.666666666666668, 23.966666666666665, 24.15543219666931
24.708333333333332, 23.966666666666665, 24.15543219666931
24.75, 23.966666666666665, 24.52815226011102
24.791666666666668, 23.966666666666665, 24.52815226011102
24.833333333333332, 23.966666666666665, 24.52815226011102
24.875, 23.966666666666665, 24.52815226011102
24.916666666666668, 23.966666666666665, 24.52815226011102
24.958333333333332, 23.966666666666665, 24.52815226011102
25.0, 23.966666666666665, 24.52815226011102
25.041666666666668, 23.966666666666665, 24.52815226011102
25.083333333333332, 23.966666666666665, 24.52815226011102
25.125, 23.966666666666665, 24.52815226011102
25.166666666666668, 23.966666666666665, 24.52815226011102
25.208333333333332, 23.966666666666665, 24.52815226011102
25.25, 23.966666666666665, 24.52815226011102
25.291666666666668, 23.966666666666665, 24.52815226011102
25.333333333333332, 23.966666666666665, 24.52815226011102
25.375, 23.966666666666665, 24.52815226011102
25.416666666666668, 23.966666666666665, 24.52815226011102
25.458333333333332, 23.966666666666665, 24.52815226011102
25.5, 23.966666666666665, 24.52815226011102
25.541666666666668, 23.966666666666665, 24.52815226011102
25.583333333333332, 23.966666666666665, 24.52815226011102
25.625, 23.966666666666665, 24.52815226011102
25.666666666666668, 23.966666666666665, 24.52815226011102
25.708333333333332, 23.966666666666665, 24.52815226011102
25.75, 23.966666666666665, 24.52815226011102
25.791666666666668, 23.966666666666665, 24.52815226011102
25.833333333333332, 23.966666666666665, 24.52815226011102
25.875, 23.966666666666665, 24.52815226011102
25.916666666666668, 23.966666666666665, 24.52815226011102
25.958333333333332, 23.966666666666665, 24.52815226011102
26.0, 23.966666666666665, 24.52815226011102
26.041666666666668, 23.966666666666665, 24.52815226011102
26.083333333333332, 23.966666666666665, 24.52815226011102
26.125, 23.966666666666665, 24.52815226011102
26.166666666666668, 23.966666666666665, 24.52815226011102
26.208333333333332, 23.966666666666665, 24.52815226011102
26.25, 23.966666666666665, 24.52815226011102
26.291666666666668, 23.966666666666665, 24.52815226011102
26.333333333333332, 23.966666666666665, 24.52815226011102
26.375, 23.966666666666665, 24.52815226011102
26.416666666666668, 23.966666666666665, 24.52815226011102
26.458333333333332, 23.966666666666665, 24.52815226011102
26.5, 23.966666666666665, 24.52815226011102
26.541666666666668, 23.966666666666665, 24.52815226011102
26.583333333333332, 23.966666666666665, 24.52815226011102
26.625, 23.966666666666665, 24.52815226011102
26.666666666666668, 23.966666666666665, 24.52815226011102
26.708333333333332, 23.966666666666665, 24.52815226011102
26.75, 23.966666666666665, 24.52815226011102
26.791666666666668, 23.966666666666665, 24.52815226011102
26.833333333333332, 23.966666666666665, 24.52815226011102
26.875, 23.966666666666665, 24.52815226011102
26.916666666666668, 23.966666666666665, 24.52815226011102
26.958333333333332, 23.966666666666665, 24.52815226011102
27.0, 23.966666666666665, 24.52815226011102
27.041666666666668, 23.966666666666665, 24.52815226011102
27.083333333333332, 23.966666666666665, 24.52815226011102
27.125, 23.966666666666665, 24.52815226011102
27.166666666666668, 23.966666666666665, 24.52815226011102
27.208333333333332, 23.966666666666665, 24.52815226011102
27.25, 23.966666666666665, 24.52815226011102
27.291666666666668, 23.966666666666665, 24.52815226011102
27.333333333333332, 23.966666666666665, 24.52815226011102
27.375, 23.966666666666665, 24.52815226011102
27.416666666666668, 23.966666666666665, 24.52815226011102
27.458333333333332, 23.966666666666665, 24.52815226011102
27.5, 23.966666666666665, 24.52815226011102
27.541666666666668, 23.966666666666665, 24.52815226011102
27.583333333333332, 23.966666666666665, 24.52815226011102
27.625, 23.966666666666665, 24.52815226011102
27.666666666666668, 23.966666666666665, 24.52815226011102
27.708333333333332, 23.966666666666665, 24.52815226011102
27.75, 23.966666666666665, 24.52815226011102
27.791666666666668, 23.966666666666665, 24.52815226011102
27.833333333333332, 23.966666666666665, 24.52815226011102
27.875, 23.966666666666665, 24.52815226011102
27.916666666666668, 23.966666666666665, 24.52815226011102
27.958333333333332, 23.966666666666665, 24.52815226011102
28.0, 23.966666666666665, 24.52815226011102
28.041666666666668, 23.966666666666665, 24.52815226011102
28.083333333333332, 23.966666666666665, 24.52815226011102
28.125, 23.966666666666665, 24.52815226011102
28.166666666666668, 23.966666666666665, 24.52815226011102
28.208333333333332, 23.966666666666665, 24.52815226011102
28.25, 23.966666666666665, 24.52815226011102
28.291666666666668, 23.966666666666665, 24.52815226011102
28.333333333333332, 23.966666666666665, 24.52815226011102
28.375, 23.966666666666665, 24.52815226011102
28.416666666666668, 23.966666666666665, 24.52815226011102
28.458333333333332, 23.966666666666665, 24.52815226011102
28.5, 23.966666666666665, 24.52815226011102
28.541666666666668, 23.966666666666665, 24.52815226011102
28.583333333333332, 23.966666666666665, 24.52815226011102
28.625, 23.966666666666665, 24.52815226011102
28.666666666666668, 23.966666666666665, 24.52815226011102
28.708333333333332, 23.966666666666665, 24.52815226011102
28.75, 23.966666666666665, 24.52815226011102
28.791666666666668, 23.966666666666665, 24.52815226011102
28.833333333333332, 23.966666666666665, 24.52815226011102
28.875, 23.966666666666665, 24.52815226011102
28.916666666666668, 23.966666666666665, 24.52815226011102
28.958333333333332, 23.966666666666665, 24.52815226011102
29.0, 23.966666666666665, 24.52815226011102
29.041666666666668, 23.966666666666665, 24.52815226011102
29.083333333333332, 23.966666666666665, 24.52815226011102
29.125, 23.966666666666665, 24.52815226011102
29.166666666666668, 23.966666666666665, 24.52815226011102
29.208333333333332, 23.966666666666665, 24.52815226011102
29.25, 23.966666666666665, 24.52815226011102
29.291666666666668, 23.966666666666665, 24.52815226011102
29.333333333333332, 23.966666666666665, 24.52815226011102
29.375, 23.966666666666665, 24.52815226011102
29.416666666666668, 23.966666666666665, 24.52815226011102
29.458333333333332, 23.966666666666665, 24.52815226011102
29.5, 23.966666666666665, 24.52815226011102
29.541666666666668, 23.966666666666665, 24.52815226011102
29.583333333333332, 23.966666666666665, 24.52815226011102
29.625, 23.966666666666665, 24.52815226011102
29.666666666666668, 23.966666666666665, 24.52815226011102
29.708333333333332, 23.966666666666665, 24.52815226011102
29.75, 23.966666666666665, 24.52815226011102
29.791666666666668, 23.966666666666665, 24.52815226011102
29.833333333333332, 23.966666666666665, 24.52815226011102
29.875, 23.966666666666665, 24.52815226011102
29.916666666666668, 23.966666666666665, 24.52815226011102
29.958333333333332, 23.966666666666665, 24.52815226011102
