0.0, 0.0, 69.62727993655828
0.0, 0.03333333333333333, 69.62727993655828
0.0, 0.06666666666666667, 69.62727993655828
0.0, 0.1, 69.62727993655828
0.0, 0.13333333333333333, 69.62727993655828
0.0, 0.16666666666666666, 69.62727993655828
0.0, 0.2, 69.62727993655828
0.0, 0.23333333333333334, 69.62727993655828
0.0, 0.26666666666666666, 69.62727993655828
0.0, 0.3, 69.62727993655828
0.0, 0.3333333333333333, 69.62727993655828
0.0, 0.36666666666666664, 69.62727993655828
0.0, 0.4, 69.62727993655828
0.0, 0.43333333333333335, 69.62727993655828
0.0, 0.4666666666666667, 69.62727993655828
0.0, 0.5, 69.62727993655828
0.0, 0.5333333333333333, 69.62727993655828
0.0, 0.5666666666666667, 69.62727993655828
0.0, 0.6, 69.62727993655828
0.0, 0.6333333333333333, 69.62727993655828
0.0, 0.6666666666666666, 69.62727993655828
0.0, 0.7, 69.62727993655828
0.0, 0.7333333333333333, 69.62727993655828
0.0, 0.7666666666666667, 69.62727993655828
0.0, 0.8, 69.62727993655828
0.0, 0.8333333333333334, 69.62727993655828
0.0, 0.8666666666666667, 69.62727993655828
0.0, 0.9, 69.62727993655828
0.0, 0.9333333333333333, 69.62727993655828
0.0, 0.9666666666666667, 69.62727993655828
0.0, 1.0, 69.25455987311658
0.0, 1.0333333333333334, 69.25455987311658
0.0, 1.0666666666666667, 68.88183980967486
0.0, 1.1, 68.88183980967486
0.0, 1.1333333333333333, 68.50911974623315
0.0, 1.1666666666666667, 68.50911974623315
0.0, 1.2, 67.76367961934972
0.0, 1.2333333333333334, 67.76367961934972
0.0, 1.2666666666666666, 67.0182394924663
0.0, 1.3, 67.0182394924663
0.0, 1.3333333333333333, 66.64551942902459
0.0, 1.3666666666666667, 66.64551942902459
0.0, 1.4, 66.27279936558287
0.0, 1.4333333333333333, 66.27279936558287
0.0, 1.4666666666666666, 65.52735923869945
0.0, 1.5, 65.52735923869945
0.0, 1.5333333333333334, 64.78191911181602
0.0, 1.5666666666666667, 64.78191911181602
0.0, 1.6, 63.66375892149088
0.0, 1.6333333333333333, 63.66375892149088
0.0, 1.6666666666666667, 63.29103885804917
0.0, 1.7, 63.29103885804917
0.0, 1.7333333333333334, 63.29103885804917
0.0, 1.7666666666666666, 62.54559873116574
0.0, 1.8, 62.54559873116574
0.0, 1.8333333333333333, 61.427438540840605
0.0, 1.8666666666666667, 60.681998413957174
0.0, 1.9, 60.681998413957174
0.0, 1.9333333333333333, 58.4456780333069
0.0, 1.9666666666666666, 58.4456780333069
0.0, 2.0, 58.4456780333069
0.0, 2.033333333333333, 58.4456780333069
0.0, 2.066666666666667, 58.4456780333069
0.0, 2.1, 58.4456780333069
0.0, 2.1333333333333333, 58.4456780333069
0.0, 2.1666666666666665, 58.81839809674861
0.0, 2.2, 58.81839809674861
0.0, 2.2333333333333334, 58.81839809674861
0.0, 2.2666666666666666, 57.700237906423474
0.0, 2.3, 57.700237906423474
0.0, 2.3333333333333335, 57.700237906423474
0.0, 2.3666666666666667, 57.700237906423474
0.0, 2.4, 56.954797779540044
0.0, 2.433333333333333, 56.58207771609833
0.0, 2.466666666666667, 56.58207771609833
0.0, 2.5, 56.58207771609833
0.0, 2.533333333333333, 56.58207771609833
0.0, 2.566666666666667, 55.09119746233148
0.0, 2.6, 55.09119746233148
0.0, 2.6333333333333333, 55.09119746233148
0.0, 2.6666666666666665, 55.09119746233148
0.0, 2.7, 55.09119746233148
0.0, 2.7333333333333334, 55.09119746233148
0.0, 2.7666666666666666, 55.09119746233148
0.0, 2.8, 55.09119746233148
0.0, 2.8333333333333335, 55.09119746233148
0.0, 2.8666666666666667, 55.09119746233148
0.0, 2.9, 55.09119746233148
0.0, 2.933333333333333, 53.60031720856463
0.0, 2.966666666666667, 53.60031720856463
0.0, 3.0, 52.48215701823949
0.0, 3.033333333333333, 51.36399682791435
0.0, 3.066666666666667, 51.36399682791435
0.0, 3.1, 51.36399682791435
0.0, 3.1333333333333333, 51.36399682791435
0.0, 3.1666666666666665, 51.36399682791435
0.0, 3.2, 51.36399682791435
0.0, 3.2333333333333334, 51.36399682791435
0.0, 3.2666666666666666, 51.36399682791435
0.0, 3.3, 51.36399682791435
0.0, 3.3333333333333335, 51.36399682791435
0.0, 3.3666666666666667, 50.991276764472644
0.0, 3.4, 50.991276764472644
0.0, 3.433333333333333, 50.991276764472644
0.0, 3.466666666666667, 49.8731165741475
0.0, 3.5, 49.8731165741475
0.0, 3.533333333333333, 49.8731165741475
0.0, 3.566666666666667, 49.8731165741475
0.0, 3.6, 49.8731165741475
0.0, 3.6333333333333333, 49.8731165741475
0.0, 3.6666666666666665, 49.8731165741475
0.0, 3.7, 49.8731165741475
0.0, 3.7333333333333334, 49.8731165741475
0.0, 3.7666666666666666, 49.8731165741475
0.0, 3.8, 49.8731165741475
0.0, 3.8333333333333335, 49.8731165741475
0.0, 3.8666666666666667, 49.8731165741475
0.0, 3.9, 49.8731165741475
0.0, 3.933333333333333, 49.8731165741475
0.0, 3.966666666666667, 49.8731165741475
0.0, 4.0, 49.8731165741475
0.0, 4.033333333333333, 49.8731165741475
0.0, 4.066666666666666, 49.8731165741475
0.0, 4.1, 49.8731165741475
0.0, 4.133333333333334, 49.8731165741475
0.0, 4.166666666666667, 49.8731165741475
0.0, 4.2, 49.8731165741475
0.0, 4.233333333333333, 49.8731165741475
0.0, 4.266666666666667, 49.8731165741475
0.0, 4.3, 49.8731165741475
0.0, 4.333333333333333, 49.8731165741475
0.0, 4.366666666666666, 49.8731165741475
0.0, 4.4, 49.8731165741475
0.0, 4.433333333333334, 49.8731165741475
0.0, 4.466666666666667, 49.8731165741475
0.0, 4.5, 49.8731165741475
0.0, 4.533333333333333, 46.14591593973037
0.0, 4.566666666666666, 46.14591593973037
0.0, 4.6, 46.14591593973037
0.0, 4.633333333333334, 46.14591593973037
0.0, 4.666666666666667, 46.14591593973037
0.0, 4.7, 46.14591593973037
0.0, 4.733333333333333, 46.14591593973037
0.0, 4.766666666666667, 46.14591593973037
0.0, 4.8, 46.14591593973037
0.0, 4.833333333333333, 46.14591593973037
0.0, 4.866666666666666, 46.14591593973037
0.0, 4.9, 46.14591593973037
0.0, 4.933333333333334, 46.14591593973037
0.0, 4.966666666666667, 46.14591593973037
0.0, 5.0, 46.14591593973037
0.0, 5.033333333333333, 46.14591593973037
0.0, 5.066666666666666, 46.14591593973037
0.0, 5.1, 46.14591593973037
0.0, 5.133333333333334, 45.02775574940523
0.0, 5.166666666666667, 45.02775574940523
0.0, 5.2, 45.02775574940523
0.0, 5.233333333333333, 45.02775574940523
0.0, 5.266666666666667, 42.79143536875496
0.0, 5.3, 42.04599524187153
0.0, 5.333333333333333, 42.04599524187153
0.0, 5.366666666666666, 42.04599524187153
0.0, 5.4, 42.04599524187153
0.0, 5.433333333333334, 42.04599524187153
0.0, 5.466666666666667, 42.04599524187153
0.0, 5.5, 42.04599524187153
0.0, 5.533333333333333, 40.182394924662965
0.0, 5.566666666666666, 40.182394924662965
0.0, 5.6, 40.182394924662965
0.0, 5.633333333333334, 40.182394924662965
0.0, 5.666666666666667, 40.182394924662965
0.0, 5.7, 40.182394924662965
0.0, 5.733333333333333, 40.182394924662965
0.0, 5.766666666666667, 40.182394924662965
0.0, 5.8, 40.182394924662965
0.0, 5.833333333333333, 40.182394924662965
0.0, 5.866666666666666, 40.182394924662965
0.0, 5.9, 40.182394924662965
0.0, 5.933333333333334, 40.182394924662965
0.0, 5.966666666666667, 40.182394924662965
0.0, 6.0, 40.182394924662965
0.0, 6.033333333333333, 40.182394924662965
0.0, 6.066666666666666, 40.182394924662965
0.0, 6.1, 40.182394924662965
0.0, 6.133333333333334, 40.182394924662965
0.0, 6.166666666666667, 40.182394924662965
0.0, 6.2, 40.182394924662965
0.0, 6.233333333333333, 40.182394924662965
0.0, 6.266666666666667, 40.182394924662965
0.0, 6.3, 40.182394924662965
0.0, 6.333333333333333, 40.182394924662965
0.0, 6.366666666666666, 40.182394924662965
0.0, 6.4, 40.182394924662965
0.0, 6.433333333333334, 40.182394924662965
0.0, 6.466666666666667, 40.182394924662965
0.0, 6.5, 40.182394924662965
0.0, 6.533333333333333, 40.182394924662965
0.0, 6.566666666666666, 40.182394924662965
0.0, 6.6, 40.182394924662965
0.0, 6.633333333333334, 40.182394924662965
0.0, 6.666666666666667, 40.182394924662965
0.0, 6.7, 40.182394924662965
0.0, 6.733333333333333, 40.182394924662965
0.0, 6.766666666666667, 40.182394924662965
0.0, 6.8, 40.182394924662965
0.0, 6.833333333333333, 40.182394924662965
0.0, 6.866666666666666, 40.182394924662965
0.0, 6.9, 40.182394924662965
0.0, 6.933333333333334, 40.182394924662965
0.0, 6.966666666666667, 40.182394924662965
0.0, 7.0, 40.182394924662965
0.0, 7.033333333333333, 40.182394924662965
0.0, 7.066666666666666, 40.182394924662965
0.0, 7.1, 40.182394924662965
0.0, 7.133333333333334, 40.182394924662965
0.0, 7.166666666666667, 40.182394924662965
0.0, 7.2, 40.182394924662965
0.0, 7.233333333333333, 40.182394924662965
0.0, 7.266666666666667, 39.06423473433783
0.0, 7.3, 40.182394924662965
0.0, 7.333333333333333, 40.182394924662965
0.0, 7.366666666666666, 39.06423473433783
0.0, 7.4, 38.3187946074544
0.0, 7.433333333333334, 38.3187946074544
0.0, 7.466666666666667, 37.57335448057098
0.0, 7.5, 37.57335448057098
0.0, 7.533333333333333, 37.57335448057098
0.0, 7.566666666666666, 37.57335448057098
0.0, 7.6, 36.82791435368755
0.0, 7.633333333333334, 36.82791435368755
0.0, 7.666666666666667, 35.70975416336241
0.0, 7.7, 35.70975416336241
0.0, 7.733333333333333, 35.70975416336241
0.0, 7.766666666666667, 35.70975416336241
0.0, 7.8, 35.70975416336241
0.0, 7.833333333333333, 35.70975416336241
0.0, 7.866666666666666, 35.70975416336241
0.0, 7.9, 35.70975416336241
0.0, 7.933333333333334, 35.70975416336241
0.0, 7.966666666666667, 35.70975416336241
0.0, 8.0, 35.70975416336241
0.0, 8.033333333333333, 35.70975416336241
0.0, 8.066666666666666, 35.3370340999207
0.0, 8.1, 35.3370340999207
0.0, 8.133333333333333, 33.84615384615385
0.0, 8.166666666666666, 33.84615384615385
0.0, 8.2, 33.10071371927042
0.0, 8.233333333333333, 33.10071371927042
0.0, 8.266666666666667, 33.10071371927042
0.0, 8.3, 33.10071371927042
0.0, 8.333333333333334, 33.10071371927042
0.0, 8.366666666666667, 33.10071371927042
0.0, 8.4, 33.10071371927042
0.0, 8.433333333333334, 33.10071371927042
0.0, 8.466666666666667, 33.10071371927042
0.0, 8.5, 33.10071371927042
0.0, 8.533333333333333, 33.10071371927042
0.0, 8.566666666666666, 33.10071371927042
0.0, 8.6, 33.10071371927042
0.0, 8.633333333333333, 33.10071371927042
0.0, 8.666666666666666, 33.10071371927042
0.0, 8.7, 33.10071371927042
0.0, 8.733333333333333, 33.10071371927042
0.0, 8.766666666666667, 33.10071371927042
0.0, 8.8, 32.35527359238699
0.0, 8.833333333333334, 32.35527359238699
0.0, 8.866666666666667, 32.35527359238699
0.0, 8.9, 32.35527359238699
0.0, 8.933333333333334, 30.864393338620147
0.0, 8.966666666666667, 30.864393338620147
0.0, 9.0, 30.864393338620147
0.0, 9.033333333333333, 30.864393338620147
0.0, 9.066666666666666, 30.864393338620147
0.0, 9.1, 30.864393338620147
0.0, 9.133333333333333, 30.864393338620147
0.0, 9.166666666666666, 30.864393338620147
0.0, 9.2, 30.864393338620147
0.0, 9.233333333333333, 30.864393338620147
0.0, 9.266666666666667, 30.864393338620147
0.0, 9.3, 30.864393338620147
0.0, 9.333333333333334, 30.864393338620147
0.0, 9.366666666666667, 30.864393338620147
0.0, 9.4, 30.118953211736716
0.0, 9.433333333333334, 30.118953211736716
0.0, 9.466666666666667, 29.373513084853293
0.0, 9.5, 29.00079302141158
0.0, 9.533333333333333, 29.00079302141158
0.0, 9.566666666666666, 29.00079302141158
0.0, 9.6, 29.00079302141158
0.0, 9.633333333333333, 29.00079302141158
0.0, 9.666666666666666, 29.00079302141158
0.0, 9.7, 29.00079302141158
0.0, 9.733333333333333, 29.00079302141158
0.0, 9.766666666666667, 29.00079302141158
0.0, 9.8, 27.88263283108644
0.0, 9.833333333333334, 27.88263283108644
0.0, 9.866666666666667, 27.88263283108644
0.0, 9.9, 27.88263283108644
0.0, 9.933333333333334, 27.88263283108644
0.0, 9.966666666666667, 27.88263283108644
0.0, 10.0, 26.764472640761298
0.0, 10.033333333333333, 26.764472640761298
0.0, 10.066666666666666, 26.764472640761298
0.0, 10.1, 26.764472640761298
0.0, 10.133333333333333, 26.391752577319586
0.0, 10.166666666666666, 26.391752577319586
0.0, 10.2, 26.391752577319586
0.0, 10.233333333333333, 26.391752577319586
0.0, 10.266666666666667, 26.391752577319586
0.0, 10.3, 26.391752577319586
0.0, 10.333333333333334, 26.391752577319586
0.0, 10.366666666666667, 26.391752577319586
0.0, 10.4, 26.391752577319586
0.0, 10.433333333333334, 26.391752577319586
0.0, 10.466666666666667, 25.646312450436163
0.0, 10.5, 25.646312450436163
0.0, 10.533333333333333, 25.646312450436163
0.0, 10.566666666666666, 25.646312450436163
0.0, 10.6, 25.646312450436163
0.0, 10.633333333333333, 25.646312450436163
0.0, 10.666666666666666, 25.646312450436163
0.0, 10.7, 25.646312450436163
0.0, 10.733333333333333, 25.646312450436163
0.0, 10.766666666666667, 25.646312450436163
0.0, 10.8, 25.646312450436163
0.0, 10.833333333333334, 25.646312450436163
0.0, 10.866666666666667, 25.646312450436163
0.0, 10.9, 25.646312450436163
0.0, 10.933333333333334, 25.646312450436163
0.0, 10.966666666666667, 25.646312450436163
0.0, 11.0, 25.646312450436163
0.0, 11.033333333333333, 25.646312450436163
0.0, 11.066666666666666, 25.646312450436163
0.0, 11.1, 25.646312450436163
0.0, 11.133333333333333, 25.27359238699445
0.0, 11.166666666666666, 25.27359238699445
0.0, 11.2, 25.27359238699445
0.0, 11.233333333333333, 25.27359238699445
0.0, 11.266666666666667, 25.27359238699445
0.0, 11.3, 25.27359238699445
0.0, 11.333333333333334, 25.27359238699445
0.0, 11.366666666666667, 25.27359238699445
0.0, 11.4, 25.27359238699445
0.0, 11.433333333333334, 25.27359238699445
0.0, 11.466666666666667, 25.27359238699445
0.0, 11.5, 25.27359238699445
0.0, 11.533333333333333, 25.27359238699445
0.0, 11.566666666666666, 25.27359238699445
0.0, 11.6, 25.27359238699445
0.0, 11.633333333333333, 25.27359238699445
0.0, 11.666666666666666, 25.27359238699445
0.0, 11.7, 25.27359238699445
0.0, 11.733333333333333, 25.27359238699445
0.0, 11.766666666666667, 25.27359238699445
0.0, 11.8, 25.27359238699445
0.0, 11.833333333333334, 25.27359238699445
0.0, 11.866666666666667, 25.27359238699445
0.0, 11.9, 25.27359238699445
0.0, 11.933333333333334, 25.27359238699445
0.0, 11.966666666666667, 25.27359238699445
0.0, 12.0, 25.27359238699445
0.0, 12.033333333333333, 25.27359238699445
0.0, 12.066666666666666, 25.27359238699445
0.0, 12.1, 25.27359238699445
0.0, 12.133333333333333, 25.27359238699445
0.0, 12.166666666666666, 25.27359238699445
0.0, 12.2, 25.27359238699445
0.0, 12.233333333333333, 25.27359238699445
0.0, 12.266666666666667, 25.27359238699445
0.0, 12.3, 25.27359238699445
0.0, 12.333333333333334, 25.27359238699445
0.0, 12.366666666666667, 25.27359238699445
0.0, 12.4, 25.27359238699445
0.0, 12.433333333333334, 25.27359238699445
0.0, 12.466666666666667, 24.90087232355274
0.0, 12.5, 24.90087232355274
0.0, 12.533333333333333, 24.90087232355274
0.0, 12.566666666666666, 24.90087232355274
0.0, 12.6, 24.90087232355274
0.0, 12.633333333333333, 24.90087232355274
0.0, 12.666666666666666, 24.90087232355274
0.0, 12.7, 24.90087232355274
0.0, 12.733333333333333, 24.90087232355274
0.0, 12.766666666666667, 24.90087232355274
0.0, 12.8, 24.90087232355274
0.0, 12.833333333333334, 24.90087232355274
0.0, 12.866666666666667, 24.90087232355274
0.0, 12.9, 24.90087232355274
0.0, 12.933333333333334, 24.90087232355274
0.0, 12.966666666666667, 24.90087232355274
0.0, 13.0, 24.90087232355274
0.0, 13.033333333333333, 24.90087232355274
0.0, 13.066666666666666, 24.90087232355274
0.0, 13.1, 24.90087232355274
0.0, 13.133333333333333, 24.90087232355274
0.0, 13.166666666666666, 24.90087232355274
0.0, 13.2, 24.90087232355274
0.0, 13.233333333333333, 24.90087232355274
0.0, 13.266666666666667, 24.90087232355274
0.0, 13.3, 24.90087232355274
0.0, 13.333333333333334, 24.90087232355274
0.0, 13.366666666666667, 24.90087232355274
0.0, 13.4, 24.90087232355274
0.0, 13.433333333333334, 24.90087232355274
0.0, 13.466666666666667, 24.90087232355274
0.0, 13.5, 24.90087232355274
0.0, 13.533333333333333, 24.90087232355274
0.0, 13.566666666666666, 24.90087232355274
0.0, 13.6, 24.90087232355274
0.0, 13.633333333333333, 24.90087232355274
0.0, 13.666666666666666, 24.90087232355274
0.0, 13.7, 24.90087232355274
0.0, 13.733333333333333, 24.90087232355274
0.0, 13.766666666666667, 24.90087232355274
0.0, 13.8, 24.90087232355274
0.0, 13.833333333333334, 24.90087232355274
0.0, 13.866666666666667, 24.90087232355274
0.0, 13.9, 24.90087232355274
0.0, 13.933333333333334, 24.90087232355274
0.0, 13.966666666666667, 24.90087232355274
0.0, 14.0, 24.90087232355274
0.0, 14.033333333333333, 24.90087232355274
0.0, 14.066666666666666, 24.90087232355274
0.0, 14.1, 24.90087232355274
0.0, 14.133333333333333, 24.90087232355274
0.0, 14.166666666666666, 24.90087232355274
0.0, 14.2, 24.90087232355274
0.0, 14.233333333333333, 24.90087232355274
0.0, 14.266666666666667, 24.90087232355274
0.0, 14.3, 24.90087232355274
0.0, 14.333333333333334, 24.90087232355274
0.0, 14.366666666666667, 24.90087232355274
0.0, 14.4, 24.90087232355274
0.0, 14.433333333333334, 24.90087232355274
0.0, 14.466666666666667, 24.90087232355274
0.0, 14.5, 24.52815226011102
0.0, 14.533333333333333, 24.52815226011102
0.0, 14.566666666666666, 24.52815226011102
0.0, 14.6, 24.52815226011102
0.0, 14.633333333333333, 24.52815226011102
0.0, 14.666666666666666, 24.52815226011102
0.0, 14.7, 24.52815226011102
0.0, 14.733333333333333, 24.52815226011102
0.0, 14.766666666666667, 24.52815226011102
0.0, 14.8, 24.52815226011102
0.0, 14.833333333333334, 24.52815226011102
0.0, 14.866666666666667, 24.52815226011102
0.0, 14.9, 24.52815226011102
0.0, 14.933333333333334, 24.52815226011102
0.0, 14.966666666666667, 24.52815226011102
0.0, 15.0, 24.52815226011102
0.0, 15.033333333333333, 24.52815226011102
0.0, 15.066666666666666, 24.52815226011102
0.0, 15.1, 24.52815226011102
0.0, 15.133333333333333, 24.52815226011102
0.0, 15.166666666666666, 24.52815226011102
0.0, 15.2, 24.52815226011102
0.0, 15.233333333333333, 24.52815226011102
0.0, 15.266666666666667, 24.52815226011102
0.0, 15.3, 24.52815226011102
0.0, 15.333333333333334, 24.52815226011102
0.0, 15.366666666666667, 24.52815226011102
0.0, 15.4, 24.52815226011102
0.0, 15.433333333333334, 24.52815226011102
0.0, 15.466666666666667, 24.52815226011102
0.0, 15.5, 24.52815226011102
0.0, 15.533333333333333, 24.52815226011102
0.0, 15.566666666666666, 24.52815226011102
0.0, 15.6, 24.52815226011102
0.0, 15.633333333333333, 24.52815226011102
0.0, 15.666666666666666, 24.52815226011102
0.0, 15.7, 24.52815226011102
0.0, 15.733333333333333, 24.52815226011102
0.0, 15.766666666666667, 24.52815226011102
0.0, 15.8, 24.52815226011102
0.0, 15.833333333333334, 24.52815226011102
0.0, 15.866666666666667, 24.52815226011102
0.0, 15.9, 24.52815226011102
0.0, 15.933333333333334, 24.52815226011102
0.0, 15.966666666666667, 24.52815226011102
0.0, 16.0, 24.52815226011102
0.0, 16.033333333333335, 24.52815226011102
0.0, 16.066666666666666, 24.52815226011102
0.0, 16.1, 24.52815226011102
0.0, 16.133333333333333, 24.52815226011102
0.0, 16.166666666666668, 24.52815226011102
0.0, 16.2, 24.52815226011102
0.0, 16.233333333333334, 24.52815226011102
0.0, 16.266666666666666, 24.52815226011102
0.0, 16.3, 24.52815226011102
0.0, 16.333333333333332, 24.52815226011102
0.0, 16.366666666666667, 24.52815226011102
0.0, 16.4, 24.52815226011102
0.0, 16.433333333333334, 24.52815226011102
0.0, 16.466666666666665, 24.52815226011102
0.0, 16.5, 24.52815226011102
0.0, 16.533333333333335, 24.52815226011102
0.0, 16.566666666666666, 24.52815226011102
0.0, 16.6, 24.52815226011102
0.0, 16.633333333333333, 24.52815226011102
0.0, 16.666666666666668, 24.52815226011102
0.0, 16.7, 24.52815226011102
0.0, 16.733333333333334, 24.52815226011102
0.0, 16.766666666666666, 24.52815226011102
0.0, 16.8, 24.52815226011102
0.0, 16.833333333333332, 24.52815226011102
0.0, 16.866666666666667, 24.52815226011102
0.0, 16.9, 24.52815226011102
0.0, 16.933333333333334, 24.52815226011102
0.0, 16.966666666666665, 24.52815226011102
0.0, 17.0, 24.52815226011102
0.0, 17.033333333333335, 24.52815226011102
0.0, 17.066666666666666, 24.52815226011102
0.0, 17.1, 24.52815226011102
0.0, 17.133333333333333, 24.52815226011102
0.0, 17.166666666666668, 24.52815226011102
0.0, 17.2, 24.52815226011102
0.0, 17.233333333333334, 24.52815226011102
0.0, 17.266666666666666, 24.52815226011102
0.0, 17.3, 24.52815226011102
0.0, 17.333333333333332, 24.52815226011102
0.0, 17.366666666666667, 24.52815226011102
0.0, 17.4, 24.52815226011102
0.0, 17.433333333333334, 24.52815226011102
0.0, 17.466666666666665, 24.52815226011102
0.0, 17.5, 24.52815226011102
0.0, 17.533333333333335, 24.52815226011102
0.0, 17.566666666666666, 24.52815226011102
0.0, 17.6, 24.52815226011102
0.0, 17.633333333333333, 24.52815226011102
0.0, 17.666666666666668, 24.52815226011102
0.0, 17.7, 24.52815226011102
0.0, 17.733333333333334, 24.52815226011102
0.0, 17.766666666666666, 24.52815226011102
0.0, 17.8, 24.52815226011102
0.0, 17.833333333333332, 24.52815226011102
0.0, 17.866666666666667, 24.52815226011102
0.0, 17.9, 24.52815226011102
0.0, 17.933333333333334, 24.52815226011102
0.0, 17.966666666666665, 24.52815226011102
0.0, 18.0, 24.52815226011102
0.0, 18.033333333333335, 24.52815226011102
0.0, 18.066666666666666, 24.52815226011102
0.0, 18.1, 24.52815226011102
0.0, 18.133333333333333, 24.52815226011102
0.0, 18.166666666666668, 24.52815226011102
0.0, 18.2, 24.52815226011102
0.0, 18.233333333333334, 24.52815226011102
0.0, 18.266666666666666, 24.52815226011102
0.0, 18.3, 24.52815226011102
0.0, 18.333333333333332, 24.52815226011102
0.0, 18.366666666666667, 24.52815226011102
0.0, 18.4, 24.52815226011102
0.0, 18.433333333333334, 24.52815226011102
0.0, 18.466666666666665, 24.52815226011102
0.0, 18.5, 24.52815226011102
0.0, 18.533333333333335, 24.52815226011102
0.0, 18.566666666666666, 24.52815226011102
0.0, 18.6, 24.52815226011102
0.0, 18.633333333333333, 24.52815226011102
0.0, 18.666666666666668, 24.52815226011102
0.0, 18.7, 24.52815226011102
0.0, 18.733333333333334, 24.52815226011102
0.0, 18.766666666666666, 24.52815226011102
0.0, 18.8, 24.52815226011102
0.0, 18.833333333333332, 24.52815226011102
0.0, 18.866666666666667, 24.52815226011102
0.0, 18.9, 24.52815226011102
0.0, 18.933333333333334, 24.52815226011102
0.0, 18.966666666666665, 24.52815226011102
0.0, 19.0, 24.52815226011102
0.0, 19.033333333333335, 24.52815226011102
0.0, 19.066666666666666, 24.52815226011102
0.0, 19.1, 24.52815226011102
0.0, 19.133333333333333, 24.52815226011102
0.0, 19.166666666666668, 24.52815226011102
0.0, 19.2, 24.52815226011102
0.0, 19.233333333333334, 24.52815226011102
0.0, 19.266666666666666, 24.52815226011102
0.0, 19.3, 24.52815226011102
0.0, 19.333333333333332, 24.52815226011102
0.0, 19.366666666666667, 24.52815226011102
0.0, 19.4, 24.52815226011102
0.0, 19.433333333333334, 24.52815226011102
0.0, 19.466666666666665, 24.52815226011102
0.0, 19.5, 24.52815226011102
0.0, 19.533333333333335, 24.52815226011102
0.0, 19.566666666666666, 24.52815226011102
0.0, 19.6, 24.52815226011102
0.0, 19.633333333333333, 24.52815226011102
0.0, 19.666666666666668, 24.52815226011102
0.0, 19.7, 24.52815226011102
0.0, 19.733333333333334, 24.52815226011102
0.0, 19.766666666666666, 24.52815226011102
0.0, 19.8, 24.52815226011102
0.0, 19.833333333333332, 24.52815226011102
0.0, 19.866666666666667, 24.52815226011102
0.0, 19.9, 24.52815226011102
0.0, 19.933333333333334, 24.52815226011102
0.0, 19.966666666666665, 24.52815226011102
0.0, 20.0, 24.52815226011102
0.0, 20.033333333333335, 24.52815226011102
0.0, 20.066666666666666, 24.52815226011102
0.0, 20.1, 24.52815226011102
0.0, 20.133333333333333, 24.52815226011102
0.0, 20.166666666666668, 24.52815226011102
0.0, 20.2, 24.52815226011102
0.0, 20.233333333333334, 24.52815226011102
0.0, 20.266666666666666, 24.52815226011102
0.0, 20.3, 24.52815226011102
0.0, 20.333333333333332, 24.52815226011102
0.0, 20.366666666666667, 24.52815226011102
0.0, 20.4, 24.52815226011102
0.0, 20.433333333333334, 24.52815226011102
0.0, 20.466666666666665, 24.52815226011102
0.0, 20.5, 24.52815226011102
0.0, 20.533333333333335, 24.52815226011102
0.0, 20.566666666666666, 24.52815226011102
0.0, 20.6, 24.52815226011102
0.0, 20.633333333333333, 24.52815226011102
0.0, 20.666666666666668, 24.52815226011102
0.0, 20.7, 24.52815226011102
0.0, 20.733333333333334, 24.52815226011102
0.0, 20.766666666666666, 24.52815226011102
0.0, 20.8, 24.52815226011102
0.0, 20.833333333333332, 24.52815226011102
0.0, 20.866666666666667, 24.52815226011102
0.0, 20.9, 24.52815226011102
0.0, 20.933333333333334, 24.52815226011102
0.0, 20.966666666666665, 24.52815226011102
0.0, 21.0, 24.52815226011102
0.0, 21.033333333333335, 24.52815226011102
0.0, 21.066666666666666, 24.52815226011102
0.0, 21.1, 24.52815226011102
0.0, 21.133333333333333, 24.52815226011102
0.0, 21.166666666666668, 24.52815226011102
0.0, 21.2, 24.52815226011102
0.0, 21.233333333333334, 24.52815226011102
0.0, 21.266666666666666, 24.52815226011102
0.0, 21.3, 24.52815226011102
0.0, 21.333333333333332, 24.52815226011102
0.0, 21.366666666666667, 24.52815226011102
0.0, 21.4, 24.52815226011102
0.0, 21.433333333333334, 24.52815226011102
0.0, 21.466666666666665, 24.52815226011102
0.0, 21.5, 24.52815226011102
0.0, 21.533333333333335, 24.52815226011102
0.0, 21.566666666666666, 24.52815226011102
0.0, 21.6, 24.52815226011102
0.0, 21.633333333333333, 24.52815226011102
0.0, 21.666666666666668, 24.52815226011102
0.0, 21.7, 24.52815226011102
0.0, 21.733333333333334, 24.52815226011102
0.0, 21.766666666666666, 24.52815226011102
0.0, 21.8, 24.52815226011102
0.0, 21.833333333333332, 24.52815226011102
0.0, 21.866666666666667, 24.52815226011102
0.0, 21.9, 24.52815226011102
0.0, 21.933333333333334, 24.52815226011102
0.0, 21.966666666666665, 24.52815226011102
0.0, 22.0, 24.52815226011102
0.0, 22.033333333333335, 24.52815226011102
0.0, 22.066666666666666, 24.52815226011102
0.0, 22.1, 24.52815226011102
0.0, 22.133333333333333, 24.52815226011102
0.0, 22.166666666666668, 24.52815226011102
0.0, 22.2, 24.52815226011102
0.0, 22.233333333333334, 24.52815226011102
0.0, 22.266666666666666, 24.52815226011102
0.0, 22.3, 24.52815226011102
0.0, 22.333333333333332, 24.52815226011102
0.0, 22.366666666666667, 24.52815226011102
0.0, 22.4, 24.52815226011102
0.0, 22.433333333333334, 24.52815226011102
0.0, 22.466666666666665, 24.52815226011102
0.0, 22.5, 24.52815226011102
0.0, 22.533333333333335, 24.52815226011102
0.0, 22.566666666666666, 24.52815226011102
0.0, 22.6, 24.52815226011102
0.0, 22.633333333333333, 24.52815226011102
0.0, 22.666666666666668, 24.52815226011102
0.0, 22.7, 24.52815226011102
0.0, 22.733333333333334, 24.52815226011102
0.0, 22.766666666666666, 24.52815226011102
0.0, 22.8, 24.52815226011102
0.0, 22.833333333333332, 24.52815226011102
0.0, 22.866666666666667, 24.52815226011102
0.0, 22.9, 24.52815226011102
0.0, 22.933333333333334, 24.52815226011102
0.0, 22.966666666666665, 24.52815226011102
0.0, 23.0, 24.52815226011102
0.0, 23.033333333333335, 24.52815226011102
0.0, 23.066666666666666, 24.15543219666931
0.0, 23.1, 24.15543219666931
0.0, 23.133333333333333, 24.15543219666931
0.0, 23.166666666666668, 24.15543219666931
0.0, 23.2, 24.15543219666931
0.0, 23.233333333333334, 24.15543219666931
0.0, 23.266666666666666, 24.15543219666931
0.0, 23.3, 24.15543219666931
0.0, 23.333333333333332, 24.15543219666931
0.0, 23.366666666666667, 24.15543219666931
0.0, 23.4, 24.15543219666931
0.0, 23.433333333333334, 24.15543219666931
0.0, 23.466666666666665, 24.15543219666931
0.0, 23.5, 24.15543219666931
0.0, 23.533333333333335, 24.15543219666931
0.0, 23.566666666666666, 24.15543219666931
0.0, 23.6, 24.15543219666931
0.0, 23.633333333333333, 24.15543219666931
0.0, 23.666666666666668, 24.15543219666931
0.0, 23.7, 24.15543219666931
0.0, 23.733333333333334, 24.15543219666931
0.0, 23.766666666666666, 24.15543219666931
0.0, 23.8, 24.15543219666931
0.0, 23.833333333333332, 24.15543219666931
0.0, 23.866666666666667, 24.15543219666931
0.0, 23.9, 24.15543219666931
0.0, 23.933333333333334, 24.15543219666931
0.0, 23.966666666666665, 24.15543219666931
